inf  14  4  7  14  17  18  6  6  4  13  14  7  14  4  7  14  17  18  6  6  4  13  14  7  12  14  4  7  14  17  18  6  6  4  13  14  7  14  4  7  14  17  18  6  6  4  13  14  7
16  inf  13  3  12  5  5  5  7  11  19  18  6  16  13  3  12  5  5  5  7  11  19  18  6  16  2  13  3  12  5  5  5  7  11  19  18  6  16  13  3  12  5  5  5  7  11  19  18  6
7  11  inf  7  6  14  3  3  8  8  18  17  5  7  11  7  6  14  3  3  8  8  18  17  5  7  11  3  7  6  14  3  3  8  8  18  17  5  7  11  7  6  14  3  3  8  8  18  17  5
11  15  18  inf  12  9  12  13  11  16  12  16  4  11  15  18  12  9  12  13  11  16  12  16  4  11  15  18  4  12  9  12  13  11  16  12  16  4  11  15  18  12  9  12  13  11  16  12  16  4
8  7  16  9  inf  3  16  12  11  4  5  9  3  8  7  16  9  3  16  12  11  4  5  9  3  8  7  16  9  5  3  16  12  11  4  5  9  3  8  7  16  9  3  16  12  11  4  5  9  3
10  8  7  7  10  inf  6  13  1  5  6  8  1  10  8  7  7  10  6  13  1  5  6  8  1  10  8  7  7  10  6  6  13  1  5  6  8  1  10  8  7  7  10  6  13  1  5  6  8  1
6  7  6  5  5  17  inf  7  14  11  5  3  19  6  7  6  5  5  17  7  14  11  5  3  19  6  7  6  5  5  17  7  7  14  11  5  3  19  6  7  6  5  5  17  7  14  11  5  3  19
9  8  4  19  3  5  14  inf  12  15  6  24  22  9  8  4  19  3  5  14  12  15  6  24  22  9  8  4  19  3  5  14  8  12  15  6  24  22  9  8  4  19  3  5  14  12  15  6  24  22
3  8  8  3  4  4  11  2  inf  4  15  19  31  3  8  8  3  4  4  11  2  4  15  19  31  3  8  8  3  4  4  11  2  9  4  15  19  31  3  8  8  3  4  4  11  2  4  15  19  31
9  6  12  6  18  13  14  12  16  inf  4  32  7  9  6  12  6  18  13  14  12  16  4  32  7  9  6  12  6  18  13  14  12  16  10  4  32  7  9  6  12  6  18  13  14  12  16  4  32  7
8  10  8  18  17  16  19  7  11  12  inf  7  24  8  10  8  18  17  16  19  7  11  12  7  24  8  10  8  18  17  16  19  7  11  12  11  7  24  8  10  8  18  17  16  19  7  11  12  7  24
9  8  6  5  2  19  6  18  9  14  13  inf  6  9  8  6  5  2  19  6  18  9  14  13  6  9  8  6  5  2  19  6  18  9  14  13  12  6  9  8  6  5  2  19  6  18  9  14  13  6
17  12  14  16  19  24  28  31  11  12  15  18  inf  17  12  14  16  19  24  28  31  11  12  15  18  17  12  14  16  19  24  28  31  11  12  15  18  13  17  12  14  16  19  24  28  31  11  12  15  18
14  14  4  7  14  17  18  6  6  4  13  14  7  inf  4  7  14  17  18  6  6  4  13  14  7  14  14  4  7  14  17  18  6  6  4  13  14  7  14  4  7  14  17  18  6  6  4  13  14  7
16  13  13  3  12  5  5  5  7  11  19  18  6  16  inf  3  12  5  5  5  7  11  19  18  6  16  13  13  3  12  5  5  5  7  11  19  18  6  16  15  3  12  5  5  5  7  11  19  18  6
7  11  7  7  6  14  3  3  8  8  18  17  5  7  11  inf  6  14  3  3  8  8  18  17  5  7  11  7  7  6  14  3  3  8  8  18  17  5  7  11  16  6  14  3  3  8  8  18  17  5
11  15  18  12  12  9  12  13  11  16  12  16  4  11  15  18  inf  9  12  13  11  16  12  16  4  11  15  18  12  12  9  12  13  11  16  12  16  4  11  15  18  17  9  12  13  11  16  12  16  4
8  7  16  9  3  3  16  12  11  4  5  9  3  8  7  16  9  inf  16  12  11  4  5  9  3  8  7  16  9  3  3  16  12  11  4  5  9  3  8  7  16  9  18  16  12  11  4  5  9  3
10  8  7  7  10  6  6  13  1  5  6  8  1  10  8  7  7  10  inf  13  1  5  6  8  1  10  8  7  7  10  6  6  13  1  5  6  8  1  10  8  7  7  10  19  13  1  5  6  8  1
6  7  6  5  5  17  7  7  14  11  5  3  19  6  7  6  5  5  17  inf  14  11  5  3  19  6  7  6  5  5  17  7  7  14  11  5  3  19  6  7  6  5  5  17  20  14  11  5  3  19
9  8  4  19  3  5  14  12  12  15  6  24  22  9  8  4  19  3  5  14  inf  15  6  24  22  9  8  4  19  3  5  14  12  12  15  6  24  22  9  8  4  19  3  5  14  21  15  6  24  22
3  8  8  3  4  4  11  2  4  4  15  19  31  3  8  8  3  4  4  11  2  inf  15  19  31  3  8  8  3  4  4  11  2  4  4  15  19  31  3  8  8  3  4  4  11  2  22  15  19  31
9  6  12  6  18  13  14  12  16  4  4  32  7  9  6  12  6  18  13  14  12  16  inf  32  7  9  6  12  6  18  13  14  12  16  4  4  32  7  9  6  12  6  18  13  14  12  16  23  32  7
8  10  8  18  17  16  19  7  11  12  7  7  24  8  10  8  18  17  16  19  7  11  12  inf  24  8  10  8  18  17  16  19  7  11  12  7  7  24  8  10  8  18  17  16  19  7  11  12  24  24
9  8  6  5  2  19  6  18  9  14  13  6  6  9  8  6  5  2  19  6  18  9  14  13  inf  9  8  6  5  2  19  6  18  9  14  13  6  6  9  8  6  5  2  19  6  18  9  14  13  25
1  14  4  7  14  17  18  6  6  4  13  14  7  14  4  7  14  17  18  6  6  4  13  14  7  inf  14  4  7  14  17  18  6  6  4  13  14  7  14  4  7  14  17  18  6  6  4  13  14  7
16  2  13  3  12  5  5  5  7  11  19  18  6  16  13  3  12  5  5  5  7  11  19  18  6  16  inf  13  3  12  5  5  5  7  11  19  18  6  16  13  3  12  5  5  5  7  11  19  18  6
7  11  3  7  6  14  3  3  8  8  18  17  5  7  11  7  6  14  3  3  8  8  18  17  5  7  11  inf  7  6  14  3  3  8  8  18  17  5  7  11  7  6  14  3  3  8  8  18  17  5
11  15  18  4  12  9  12  13  11  16  12  16  4  11  15  18  12  9  12  13  11  16  12  16  4  11  15  18  inf  12  9  12  13  11  16  12  16  4  11  15  18  12  9  12  13  11  16  12  16  4
8  7  16  9  5  3  16  12  11  4  5  9  3  8  7  16  9  3  16  12  11  4  5  9  3  8  7  16  9  inf  3  16  12  11  4  5  9  3  8  7  16  9  3  16  12  11  4  5  9  3
10  8  7  7  10  6  6  13  1  5  6  8  1  10  8  7  7  10  6  13  1  5  6  8  1  10  8  7  7  10  inf  6  13  1  5  6  8  1  10  8  7  7  10  6  13  1  5  6  8  1
6  7  6  5  5  17  7  7  14  11  5  3  19  6  7  6  5  5  17  7  14  11  5  3  19  6  7  6  5  5  17  inf  7  14  11  5  3  19  6  7  6  5  5  17  7  14  11  5  3  19
9  8  4  19  3  5  14  8  12  15  6  24  22  9  8  4  19  3  5  14  12  15  6  24  22  9  8  4  19  3  5  14  inf  12  15  6  24  22  9  8  4  19  3  5  14  12  15  6  24  22
3  8  8  3  4  4  11  2  9  4  15  19  31  3  8  8  3  4  4  11  2  4  15  19  31  3  8  8  3  4  4  11  2  inf  4  15  19  31  3  8  8  3  4  4  11  2  4  15  19  31
9  6  12  6  18  13  14  12  16  10  4  32  7  9  6  12  6  18  13  14  12  16  4  32  7  9  6  12  6  18  13  14  12  16  inf  4  32  7  9  6  12  6  18  13  14  12  16  4  32  7
8  10  8  18  17  16  19  7  11  12  11  7  24  8  10  8  18  17  16  19  7  11  12  7  24  8  10  8  18  17  16  19  7  11  12  inf  7  24  8  10  8  18  17  16  19  7  11  12  7  24
9  8  6  5  2  19  6  18  9  14  13  12  6  9  8  6  5  2  19  6  18  9  14  13  6  9  8  6  5  2  19  6  18  9  14  13  inf  6  9  8  6  5  2  19  6  18  9  14  13  6
17  12  14  16  19  24  28  31  11  12  15  18  13  17  12  14  16  19  24  28  31  11  12  15  18  17  12  14  16  19  24  28  31  11  12  15  18  inf  17  12  14  16  19  24  28  31  11  12  15  18
14  14  4  7  14  17  18  6  6  4  13  14  7  14  4  7  14  17  18  6  6  4  13  14  7  14  14  4  7  14  17  18  6  6  4  13  14  7  inf  4  7  14  17  18  6  6  4  13  14  7
16  13  13  3  12  5  5  5  7  11  19  18  6  16  15  3  12  5  5  5  7  11  19  18  6  16  13  13  3  12  5  5  5  7  11  19  18  6  16  inf  3  12  5  5  5  7  11  19  18  6
7  11  7  7  6  14  3  3  8  8  18  17  5  7  11  16  6  14  3  3  8  8  18  17  5  7  11  7  7  6  14  3  3  8  8  18  17  5  7  11  inf  6  14  3  3  8  8  18  17  5
11  15  18  12  12  9  12  13  11  16  12  16  4  11  15  18  17  9  12  13  11  16  12  16  4  11  15  18  12  12  9  12  13  11  16  12  16  4  11  15  18  inf  9  12  13  11  16  12  16  4
8  7  16  9  3  3  16  12  11  4  5  9  3  8  7  16  9  18  16  12  11  4  5  9  3  8  7  16  9  3  3  16  12  11  4  5  9  3  8  7  16  9  inf  16  12  11  4  5  9  3
10  8  7  7  10  6  6  13  1  5  6  8  1  10  8  7  7  10  19  13  1  5  6  8  1  10  8  7  7  10  6  6  13  1  5  6  8  1  10  8  7  7  10  inf  13  1  5  6  8  1
6  7  6  5  5  17  7  7  14  11  5  3  19  6  7  6  5  5  17  20  14  11  5  3  19  6  7  6  5  5  17  7  7  14  11  5  3  19  6  7  6  5  5  17  inf  14  11  5  3  19
9  8  4  19  3  5  14  12  12  15  6  24  22  9  8  4  19  3  5  14  21  15  6  24  22  9  8  4  19  3  5  14  12  12  15  6  24  22  9  8  4  19  3  5  14  inf  15  6  24  22
3  8  8  3  4  4  11  2  4  4  15  19  31  3  8  8  3  4  4  11  2  22  15  19  31  3  8  8  3  4  4  11  2  4  4  15  19  31  3  8  8  3  4  4  11  2  inf  15  19  31
9  6  12  6  18  13  14  12  16  4  4  32  7  9  6  12  6  18  13  14  12  16  23  32  7  9  6  12  6  18  13  14  12  16  4  4  32  7  9  6  12  6  18  13  14  12  16  inf  32  7
8  10  8  18  17  16  19  7  11  12  7  7  24  8  10  8  18  17  16  19  7  11  12  24  24  8  10  8  18  17  16  19  7  11  12  7  7  24  8  10  8  18  17  16  19  7  11  12  inf  24
9  8  6  5  2  19  6  18  9  14  13  6  6  9  8  6  5  2  19  6  18  9  14  13  25  9  8  6  5  2  19  6  18  9  14  13  6  6  9  8  6  5  2  19  6  18  9  14  13  inf